cam_width:  640
cam_height: 480
cam_fx:     554.254691191187
cam_fy:     554.254691191187
cam_cx:     320.5
cam_cy:     240.5
